$OR;D2 
* From-Time  To-Time 
8.00 9.00 
* Factor
1.00
* some
* additional
* comments
		9162000		9162000		0
		9162000		9162025		6
		9162000		9162028		2
		9162000		9162038		10
		9162000		9162043		2
		9162000		9162044		2
		9162000		9162045		1
		9162000		9162046		1
		9162000		9162047		1
		9162000		9162048		1
		9162000		9162058		0
		9162000		9162059		0
		9162000		9162060		0
		9162000		9162061		0
		9162000		9162062		0
		9162000		9162063		1
		9162000		9162064		4
		9162000		9162065		1
		9162000		9162066		1
		9162000		9162067		3
		9162000		9162068		2
		9162000		9162069		4
		9162000		9162070		2
		9162000		9162071		1
		9162000		9162072		2
		9162000		9162074		1
		9162000		9162075		2
		9162000		9162078		3
		9162000		9162084		13
		9162000		9162085		4
		9162000		9162087		0
		9162000		9162090		1
		9162000		9162091		1
		9162000		9162092		2
		9162000		9162094		1
		9162000		9162095		0
		9162000		9162099		1
		9162000		9162101		1
		9162000		9162104		3
		9162000		9162105		2
		9162000		9162108		0
		9162000		9162109		1
		9162000		9162110		1
		9162000		9162111		4
		9162000		9162112		0
		9162000		9162113		1
		9162000		9162122		1
		9162000		9162123		4
		9162000		9162124		1
		9162000		9162125		1
		9162000		9162126		7
		9162000		9162127		1
		9162000		9162129		1
		9162000		9162132		0
		9162000		9162133		1
		9162000		9162140		1
		9162000		9162159		1
		9162000		9162160		4
		9162000		9162161		1
		9162000		9162162		2
		9162000		9162163		0
		9162025		9162000		6
		9162025		9162025		0
		9162025		9162028		6
		9162025		9162038		22
		9162025		9162043		5
		9162025		9162044		2
		9162025		9162045		2
		9162025		9162046		1
		9162025		9162047		1
		9162025		9162048		1
		9162025		9162058		1
		9162025		9162059		0
		9162025		9162060		0
		9162025		9162061		1
		9162025		9162062		0
		9162025		9162063		0
		9162025		9162064		6
		9162025		9162065		3
		9162025		9162066		4
		9162025		9162067		4
		9162025		9162068		5
		9162025		9162069		6
		9162025		9162070		6
		9162025		9162071		2
		9162025		9162072		4
		9162025		9162074		2
		9162025		9162075		4
		9162025		9162078		6
		9162025		9162084		22
		9162025		9162085		9
		9162025		9162087		1
		9162025		9162090		2
		9162025		9162091		1
		9162025		9162092		3
		9162025		9162094		1
		9162025		9162095		1
		9162025		9162099		1
		9162025		9162101		2
		9162025		9162104		5
		9162025		9162105		4
		9162025		9162108		1
		9162025		9162109		1
		9162025		9162110		1
		9162025		9162111		11
		9162025		9162112		1
		9162025		9162113		1
		9162025		9162122		2
		9162025		9162123		8
		9162025		9162124		3
		9162025		9162125		5
		9162025		9162126		17
		9162025		9162127		4
		9162025		9162129		4
		9162025		9162132		1
		9162025		9162133		1
		9162025		9162140		2
		9162025		9162159		1
		9162025		9162160		8
		9162025		9162161		1
		9162025		9162162		4
		9162025		9162163		0
		9162028		9162000		2
		9162028		9162025		6
		9162028		9162028		9
		9162028		9162038		19
		9162028		9162043		4
		9162028		9162044		2
		9162028		9162045		1
		9162028		9162046		1
		9162028		9162047		1
		9162028		9162048		2
		9162028		9162058		1
		9162028		9162059		0
		9162028		9162060		1
		9162028		9162061		1
		9162028		9162062		1
		9162028		9162063		1
		9162028		9162064		7
		9162028		9162065		3
		9162028		9162066		4
		9162028		9162067		4
		9162028		9162068		6
		9162028		9162069		4
		9162028		9162070		10
		9162028		9162071		3
		9162028		9162072		3
		9162028		9162074		1
		9162028		9162075		4
		9162028		9162078		5
		9162028		9162084		7
		9162028		9162085		5
		9162028		9162087		1
		9162028		9162090		1
		9162028		9162091		1
		9162028		9162092		11
		9162028		9162094		1
		9162028		9162095		1
		9162028		9162099		1
		9162028		9162101		3
		9162028		9162104		3
		9162028		9162105		2
		9162028		9162108		0
		9162028		9162109		1
		9162028		9162110		1
		9162028		9162111		8
		9162028		9162112		1
		9162028		9162113		2
		9162028		9162122		4
		9162028		9162123		9
		9162028		9162124		4
		9162028		9162125		6
		9162028		9162126		20
		9162028		9162127		10
		9162028		9162129		4
		9162028		9162132		0
		9162028		9162133		1
		9162028		9162140		2
		9162028		9162159		1
		9162028		9162160		7
		9162028		9162161		2
		9162028		9162162		4
		9162028		9162163		1
		9162038		9162000		4
		9162038		9162025		10
		9162038		9162028		7
		9162038		9162038		977
		9162038		9162043		140
		9162038		9162044		97
		9162038		9162045		26
		9162038		9162046		9
		9162038		9162047		14
		9162038		9162048		21
		9162038		9162058		13
		9162038		9162059		7
		9162038		9162060		6
		9162038		9162061		18
		9162038		9162062		12
		9162038		9162063		6
		9162038		9162064		175
		9162038		9162065		72
		9162038		9162066		80
		9162038		9162067		54
		9162038		9162068		23
		9162038		9162069		4
		9162038		9162070		8
		9162038		9162071		26
		9162038		9162072		17
		9162038		9162074		21
		9162038		9162075		60
		9162038		9162078		40
		9162038		9162084		22
		9162038		9162085		15
		9162038		9162087		14
		9162038		9162090		12
		9162038		9162091		9
		9162038		9162092		6
		9162038		9162094		19
		9162038		9162095		11
		9162038		9162099		9
		9162038		9162101		29
		9162038		9162104		53
		9162038		9162105		13
		9162038		9162108		11
		9162038		9162109		14
		9162038		9162110		8
		9162038		9162111		8
		9162038		9162112		14
		9162038		9162113		21
		9162038		9162122		8
		9162038		9162123		51
		9162038		9162124		6
		9162038		9162125		6
		9162038		9162126		44
		9162038		9162127		6
		9162038		9162129		28
		9162038		9162132		12
		9162038		9162133		11
		9162038		9162140		23
		9162038		9162159		9
		9162038		9162160		122
		9162038		9162161		49
		9162038		9162162		36
		9162038		9162163		13
		9162043		9162000		2
		9162043		9162025		3
		9162043		9162028		3
		9162043		9162038		168
		9162043		9162043		0
		9162043		9162044		34
		9162043		9162045		7
		9162043		9162046		3
		9162043		9162047		4
		9162043		9162048		6
		9162043		9162058		3
		9162043		9162059		2
		9162043		9162060		1
		9162043		9162061		4
		9162043		9162062		3
		9162043		9162063		2
		9162043		9162064		34
		9162043		9162065		16
		9162043		9162066		35
		9162043		9162067		41
		9162043		9162068		10
		9162043		9162069		1
		9162043		9162070		3
		9162043		9162071		10
		9162043		9162072		8
		9162043		9162074		5
		9162043		9162075		17
		9162043		9162078		28
		9162043		9162084		7
		9162043		9162085		6
		9162043		9162087		3
		9162043		9162090		5
		9162043		9162091		2
		9162043		9162092		2
		9162043		9162094		5
		9162043		9162095		3
		9162043		9162099		2
		9162043		9162101		10
		9162043		9162104		23
		9162043		9162105		5
		9162043		9162108		1
		9162043		9162109		2
		9162043		9162110		2
		9162043		9162111		2
		9162043		9162112		4
		9162043		9162113		5
		9162043		9162122		2
		9162043		9162123		17
		9162043		9162124		2
		9162043		9162125		2
		9162043		9162126		14
		9162043		9162127		2
		9162043		9162129		12
		9162043		9162132		3
		9162043		9162133		3
		9162043		9162140		4
		9162043		9162159		3
		9162043		9162160		31
		9162043		9162161		7
		9162043		9162162		11
		9162043		9162163		3
		9162044		9162000		1
		9162044		9162025		3
		9162044		9162028		2
		9162044		9162038		161
		9162044		9162043		49
		9162044		9162044		0
		9162044		9162045		20
		9162044		9162046		6
		9162044		9162047		8
		9162044		9162048		9
		9162044		9162058		3
		9162044		9162059		2
		9162044		9162060		1
		9162044		9162061		4
		9162044		9162062		3
		9162044		9162063		1
		9162044		9162064		33
		9162044		9162065		12
		9162044		9162066		22
		9162044		9162067		29
		9162044		9162068		9
		9162044		9162069		1
		9162044		9162070		3
		9162044		9162071		7
		9162044		9162072		6
		9162044		9162074		6
		9162044		9162075		23
		9162044		9162078		19
		9162044		9162084		7
		9162044		9162085		7
		9162044		9162087		2
		9162044		9162090		17
		9162044		9162091		4
		9162044		9162092		2
		9162044		9162094		4
		9162044		9162095		1
		9162044		9162099		4
		9162044		9162101		9
		9162044		9162104		23
		9162044		9162105		7
		9162044		9162108		4
		9162044		9162109		6
		9162044		9162110		7
		9162044		9162111		3
		9162044		9162112		5
		9162044		9162113		5
		9162044		9162122		1
		9162044		9162123		15
		9162044		9162124		1
		9162044		9162125		2
		9162044		9162126		13
		9162044		9162127		1
		9162044		9162129		11
		9162044		9162132		10
		9162044		9162133		12
		9162044		9162140		9
		9162044		9162159		5
		9162044		9162160		49
		9162044		9162161		32
		9162044		9162162		10
		9162044		9162163		4
		9162045		9162000		1
		9162045		9162025		1
		9162045		9162028		1
		9162045		9162038		36
		9162045		9162043		9
		9162045		9162044		17
		9162045		9162045		0
		9162045		9162046		5
		9162045		9162047		4
		9162045		9162048		6
		9162045		9162058		1
		9162045		9162059		0
		9162045		9162060		1
		9162045		9162061		3
		9162045		9162062		1
		9162045		9162063		0
		9162045		9162064		15
		9162045		9162065		4
		9162045		9162066		5
		9162045		9162067		6
		9162045		9162068		2
		9162045		9162069		0
		9162045		9162070		1
		9162045		9162071		2
		9162045		9162072		2
		9162045		9162074		2
		9162045		9162075		10
		9162045		9162078		5
		9162045		9162084		2
		9162045		9162085		2
		9162045		9162087		2
		9162045		9162090		7
		9162045		9162091		3
		9162045		9162092		1
		9162045		9162094		1
		9162045		9162095		0
		9162045		9162099		4
		9162045		9162101		2
		9162045		9162104		5
		9162045		9162105		3
		9162045		9162108		4
		9162045		9162109		8
		9162045		9162110		6
		9162045		9162111		1
		9162045		9162112		1
		9162045		9162113		1
		9162045		9162122		0
		9162045		9162123		4
		9162045		9162124		0
		9162045		9162125		1
		9162045		9162126		4
		9162045		9162127		1
		9162045		9162129		2
		9162045		9162132		8
		9162045		9162133		12
		9162045		9162140		7
		9162045		9162159		4
		9162045		9162160		30
		9162045		9162161		16
		9162045		9162162		2
		9162045		9162163		1
		9162046		9162000		1
		9162046		9162025		1
		9162046		9162028		0
		9162046		9162038		16
		9162046		9162043		3
		9162046		9162044		4
		9162046		9162045		6
		9162046		9162046		10
		9162046		9162047		16
		9162046		9162048		18
		9162046		9162058		2
		9162046		9162059		2
		9162046		9162060		1
		9162046		9162061		2
		9162046		9162062		2
		9162046		9162063		0
		9162046		9162064		19
		9162046		9162065		5
		9162046		9162066		4
		9162046		9162067		3
		9162046		9162068		2
		9162046		9162069		0
		9162046		9162070		1
		9162046		9162071		2
		9162046		9162072		1
		9162046		9162074		3
		9162046		9162075		19
		9162046		9162078		2
		9162046		9162084		1
		9162046		9162085		0
		9162046		9162087		2
		9162046		9162090		1
		9162046		9162091		3
		9162046		9162092		1
		9162046		9162094		2
		9162046		9162095		1
		9162046		9162099		6
		9162046		9162101		1
		9162046		9162104		2
		9162046		9162105		1
		9162046		9162108		7
		9162046		9162109		9
		9162046		9162110		4
		9162046		9162111		1
		9162046		9162112		1
		9162046		9162113		1
		9162046		9162122		1
		9162046		9162123		2
		9162046		9162124		0
		9162046		9162125		0
		9162046		9162126		2
		9162046		9162127		0
		9162046		9162129		1
		9162046		9162132		5
		9162046		9162133		7
		9162046		9162140		12
		9162046		9162159		3
		9162046		9162160		36
		9162046		9162161		8
		9162046		9162162		2
		9162046		9162163		2
		9162047		9162000		1
		9162047		9162025		1
		9162047		9162028		0
		9162047		9162038		29
		9162047		9162043		6
		9162047		9162044		6
		9162047		9162045		6
		9162047		9162046		18
		9162047		9162047		51
		9162047		9162048		49
		9162047		9162058		4
		9162047		9162059		3
		9162047		9162060		1
		9162047		9162061		6
		9162047		9162062		2
		9162047		9162063		2
		9162047		9162064		33
		9162047		9162065		10
		9162047		9162066		8
		9162047		9162067		6
		9162047		9162068		3
		9162047		9162069		1
		9162047		9162070		1
		9162047		9162071		2
		9162047		9162072		1
		9162047		9162074		6
		9162047		9162075		31
		9162047		9162078		3
		9162047		9162084		2
		9162047		9162085		1
		9162047		9162087		3
		9162047		9162090		2
		9162047		9162091		7
		9162047		9162092		1
		9162047		9162094		3
		9162047		9162095		1
		9162047		9162099		10
		9162047		9162101		3
		9162047		9162104		2
		9162047		9162105		1
		9162047		9162108		15
		9162047		9162109		8
		9162047		9162110		3
		9162047		9162111		1
		9162047		9162112		2
		9162047		9162113		3
		9162047		9162122		0
		9162047		9162123		5
		9162047		9162124		0
		9162047		9162125		1
		9162047		9162126		3
		9162047		9162127		1
		9162047		9162129		1
		9162047		9162132		5
		9162047		9162133		5
		9162047		9162140		23
		9162047		9162159		5
		9162047		9162160		57
		9162047		9162161		8
		9162047		9162162		2
		9162047		9162163		4
		9162048		9162000		0
		9162048		9162025		1
		9162048		9162028		0
		9162048		9162038		32
		9162048		9162043		7
		9162048		9162044		6
		9162048		9162045		5
		9162048		9162046		18
		9162048		9162047		39
		9162048		9162048		0
		9162048		9162058		5
		9162048		9162059		5
		9162048		9162060		2
		9162048		9162061		10
		9162048		9162062		5
		9162048		9162063		2
		9162048		9162064		45
		9162048		9162065		11
		9162048		9162066		10
		9162048		9162067		6
		9162048		9162068		3
		9162048		9162069		0
		9162048		9162070		1
		9162048		9162071		2
		9162048		9162072		1
		9162048		9162074		10
		9162048		9162075		75
		9162048		9162078		4
		9162048		9162084		1
		9162048		9162085		1
		9162048		9162087		5
		9162048		9162090		2
		9162048		9162091		4
		9162048		9162092		1
		9162048		9162094		4
		9162048		9162095		2
		9162048		9162099		6
		9162048		9162101		3
		9162048		9162104		3
		9162048		9162105		1
		9162048		9162108		9
		9162048		9162109		6
		9162048		9162110		3
		9162048		9162111		1
		9162048		9162112		3
		9162048		9162113		4
		9162048		9162122		0
		9162048		9162123		5
		9162048		9162124		0
		9162048		9162125		0
		9162048		9162126		4
		9162048		9162127		1
		9162048		9162129		1
		9162048		9162132		5
		9162048		9162133		5
		9162048		9162140		14
		9162048		9162159		3
		9162048		9162160		69
		9162048		9162161		10
		9162048		9162162		3
		9162048		9162163		5
		9162058		9162000		1
		9162058		9162025		1
		9162058		9162028		0
		9162058		9162038		26
		9162058		9162043		4
		9162058		9162044		3
		9162058		9162045		2
		9162058		9162046		2
		9162058		9162047		4
		9162058		9162048		6
		9162058		9162058		21
		9162058		9162059		9
		9162058		9162060		17
		9162058		9162061		8
		9162058		9162062		21
		9162058		9162063		12
		9162058		9162064		31
		9162058		9162065		19
		9162058		9162066		14
		9162058		9162067		6
		9162058		9162068		4
		9162058		9162069		0
		9162058		9162070		1
		9162058		9162071		2
		9162058		9162072		1
		9162058		9162074		8
		9162058		9162075		17
		9162058		9162078		2
		9162058		9162084		1
		9162058		9162085		0
		9162058		9162087		13
		9162058		9162090		0
		9162058		9162091		1
		9162058		9162092		0
		9162058		9162094		17
		9162058		9162095		13
		9162058		9162099		1
		9162058		9162101		10
		9162058		9162104		2
		9162058		9162105		0
		9162058		9162108		1
		9162058		9162109		1
		9162058		9162110		1
		9162058		9162111		1
		9162058		9162112		8
		9162058		9162113		17
		9162058		9162122		0
		9162058		9162123		4
		9162058		9162124		1
		9162058		9162125		1
		9162058		9162126		3
		9162058		9162127		1
		9162058		9162129		2
		9162058		9162132		1
		9162058		9162133		1
		9162058		9162140		4
		9162058		9162159		1
		9162058		9162160		21
		9162058		9162161		3
		9162058		9162162		2
		9162058		9162163		18
		9162059		9162000		0
		9162059		9162025		0
		9162059		9162028		1
		9162059		9162038		30
		9162059		9162043		5
		9162059		9162044		3
		9162059		9162045		2
		9162059		9162046		3
		9162059		9162047		5
		9162059		9162048		11
		9162059		9162058		15
		9162059		9162059		0
		9162059		9162060		11
		9162059		9162061		7
		9162059		9162062		11
		9162059		9162063		7
		9162059		9162064		34
		9162059		9162065		12
		9162059		9162066		12
		9162059		9162067		6
		9162059		9162068		3
		9162059		9162069		0
		9162059		9162070		1
		9162059		9162071		3
		9162059		9162072		1
		9162059		9162074		17
		9162059		9162075		36
		9162059		9162078		3
		9162059		9162084		1
		9162059		9162085		1
		9162059		9162087		9
		9162059		9162090		1
		9162059		9162091		2
		9162059		9162092		0
		9162059		9162094		10
		9162059		9162095		6
		9162059		9162099		2
		9162059		9162101		7
		9162059		9162104		2
		9162059		9162105		0
		9162059		9162108		1
		9162059		9162109		2
		9162059		9162110		1
		9162059		9162111		0
		9162059		9162112		5
		9162059		9162113		9
		9162059		9162122		1
		9162059		9162123		5
		9162059		9162124		0
		9162059		9162125		0
		9162059		9162126		4
		9162059		9162127		0
		9162059		9162129		2
		9162059		9162132		2
		9162059		9162133		2
		9162059		9162140		7
		9162059		9162159		2
		9162059		9162160		25
		9162059		9162161		4
		9162059		9162162		3
		9162059		9162163		15
		9162060		9162000		1
		9162060		9162025		1
		9162060		9162028		1
		9162060		9162038		28
		9162060		9162043		5
		9162060		9162044		2
		9162060		9162045		1
		9162060		9162046		2
		9162060		9162047		3
		9162060		9162048		5
		9162060		9162058		20
		9162060		9162059		9
		9162060		9162060		26
		9162060		9162061		5
		9162060		9162062		16
		9162060		9162063		13
		9162060		9162064		26
		9162060		9162065		17
		9162060		9162066		16
		9162060		9162067		5
		9162060		9162068		5
		9162060		9162069		1
		9162060		9162070		1
		9162060		9162071		3
		9162060		9162072		2
		9162060		9162074		7
		9162060		9162075		15
		9162060		9162078		2
		9162060		9162084		1
		9162060		9162085		1
		9162060		9162087		9
		9162060		9162090		1
		9162060		9162091		1
		9162060		9162092		1
		9162060		9162094		21
		9162060		9162095		23
		9162060		9162099		1
		9162060		9162101		13
		9162060		9162104		2
		9162060		9162105		1
		9162060		9162108		1
		9162060		9162109		1
		9162060		9162110		1
		9162060		9162111		1
		9162060		9162112		13
		9162060		9162113		30
		9162060		9162122		1
		9162060		9162123		6
		9162060		9162124		0
		9162060		9162125		0
		9162060		9162126		4
		9162060		9162127		1
		9162060		9162129		1
		9162060		9162132		2
		9162060		9162133		1
		9162060		9162140		4
		9162060		9162159		1
		9162060		9162160		20
		9162060		9162161		3
		9162060		9162162		3
		9162060		9162163		13
		9162061		9162000		0
		9162061		9162025		0
		9162061		9162028		1
		9162061		9162038		28
		9162061		9162043		5
		9162061		9162044		3
		9162061		9162045		2
		9162061		9162046		3
		9162061		9162047		5
		9162061		9162048		10
		9162061		9162058		7
		9162061		9162059		4
		9162061		9162060		4
		9162061		9162061		0
		9162061		9162062		8
		9162061		9162063		4
		9162061		9162064		59
		9162061		9162065		19
		9162061		9162066		11
		9162061		9162067		8
		9162061		9162068		4
		9162061		9162069		0
		9162061		9162070		1
		9162061		9162071		3
		9162061		9162072		1
		9162061		9162074		27
		9162061		9162075		43
		9162061		9162078		3
		9162061		9162084		1
		9162061		9162085		1
		9162061		9162087		12
		9162061		9162090		1
		9162061		9162091		2
		9162061		9162092		0
		9162061		9162094		4
		9162061		9162095		3
		9162061		9162099		1
		9162061		9162101		5
		9162061		9162104		1
		9162061		9162105		1
		9162061		9162108		1
		9162061		9162109		1
		9162061		9162110		1
		9162061		9162111		0
		9162061		9162112		3
		9162061		9162113		6
		9162061		9162122		1
		9162061		9162123		5
		9162061		9162124		0
		9162061		9162125		0
		9162061		9162126		3
		9162061		9162127		1
		9162061		9162129		1
		9162061		9162132		2
		9162061		9162133		2
		9162061		9162140		4
		9162061		9162159		2
		9162061		9162160		33
		9162061		9162161		5
		9162061		9162162		3
		9162061		9162163		10
		9162062		9162000		0
		9162062		9162025		0
		9162062		9162028		0
		9162062		9162038		39
		9162062		9162043		6
		9162062		9162044		3
		9162062		9162045		2
		9162062		9162046		3
		9162062		9162047		5
		9162062		9162048		8
		9162062		9162058		26
		9162062		9162059		9
		9162062		9162060		18
		9162062		9162061		12
		9162062		9162062		0
		9162062		9162063		18
		9162062		9162064		44
		9162062		9162065		48
		9162062		9162066		27
		9162062		9162067		8
		9162062		9162068		5
		9162062		9162069		0
		9162062		9162070		1
		9162062		9162071		3
		9162062		9162072		1
		9162062		9162074		8
		9162062		9162075		24
		9162062		9162078		4
		9162062		9162084		2
		9162062		9162085		1
		9162062		9162087		21
		9162062		9162090		1
		9162062		9162091		1
		9162062		9162092		1
		9162062		9162094		32
		9162062		9162095		20
		9162062		9162099		2
		9162062		9162101		22
		9162062		9162104		2
		9162062		9162105		1
		9162062		9162108		1
		9162062		9162109		1
		9162062		9162110		1
		9162062		9162111		0
		9162062		9162112		9
		9162062		9162113		19
		9162062		9162122		1
		9162062		9162123		6
		9162062		9162124		0
		9162062		9162125		1
		9162062		9162126		5
		9162062		9162127		0
		9162062		9162129		2
		9162062		9162132		2
		9162062		9162133		1
		9162062		9162140		5
		9162062		9162159		2
		9162062		9162160		29
		9162062		9162161		4
		9162062		9162162		4
		9162062		9162163		20
		9162063		9162000		1
		9162063		9162025		0
		9162063		9162028		1
		9162063		9162038		20
		9162063		9162043		3
		9162063		9162044		2
		9162063		9162045		1
		9162063		9162046		1
		9162063		9162047		2
		9162063		9162048		5
		9162063		9162058		14
		9162063		9162059		6
		9162063		9162060		13
		9162063		9162061		5
		9162063		9162062		17
		9162063		9162063		0
		9162063		9162064		22
		9162063		9162065		18
		9162063		9162066		13
		9162063		9162067		5
		9162063		9162068		3
		9162063		9162069		0
		9162063		9162070		0
		9162063		9162071		2
		9162063		9162072		0
		9162063		9162074		5
		9162063		9162075		13
		9162063		9162078		2
		9162063		9162084		1
		9162063		9162085		0
		9162063		9162087		9
		9162063		9162090		1
		9162063		9162091		0
		9162063		9162092		1
		9162063		9162094		20
		9162063		9162095		16
		9162063		9162099		1
		9162063		9162101		13
		9162063		9162104		1
		9162063		9162105		0
		9162063		9162108		0
		9162063		9162109		1
		9162063		9162110		1
		9162063		9162111		1
		9162063		9162112		8
		9162063		9162113		15
		9162063		9162122		1
		9162063		9162123		4
		9162063		9162124		0
		9162063		9162125		1
		9162063		9162126		2
		9162063		9162127		0
		9162063		9162129		1
		9162063		9162132		0
		9162063		9162133		1
		9162063		9162140		2
		9162063		9162159		0
		9162063		9162160		15
		9162063		9162161		2
		9162063		9162162		2
		9162063		9162163		12
		9162064		9162000		1
		9162064		9162025		3
		9162064		9162028		3
		9162064		9162038		193
		9162064		9162043		29
		9162064		9162044		17
		9162064		9162045		10
		9162064		9162046		13
		9162064		9162047		21
		9162064		9162048		37
		9162064		9162058		22
		9162064		9162059		14
		9162064		9162060		10
		9162064		9162061		45
		9162064		9162062		22
		9162064		9162063		11
		9162064		9162064		239
		9162064		9162065		89
		9162064		9162066		53
		9162064		9162067		45
		9162064		9162068		18
		9162064		9162069		1
		9162064		9162070		3
		9162064		9162071		14
		9162064		9162072		6
		9162064		9162074		42
		9162064		9162075		120
		9162064		9162078		13
		9162064		9162084		4
		9162064		9162085		3
		9162064		9162087		38
		9162064		9162090		3
		9162064		9162091		5
		9162064		9162092		3
		9162064		9162094		19
		9162064		9162095		11
		9162064		9162099		7
		9162064		9162101		19
		9162064		9162104		10
		9162064		9162105		3
		9162064		9162108		6
		9162064		9162109		8
		9162064		9162110		4
		9162064		9162111		2
		9162064		9162112		9
		9162064		9162113		17
		9162064		9162122		3
		9162064		9162123		21
		9162064		9162124		1
		9162064		9162125		2
		9162064		9162126		15
		9162064		9162127		2
		9162064		9162129		7
		9162064		9162132		7
		9162064		9162133		7
		9162064		9162140		17
		9162064		9162159		5
		9162064		9162160		182
		9162064		9162161		24
		9162064		9162162		14
		9162064		9162163		24
		9162065		9162000		1
		9162065		9162025		2
		9162065		9162028		2
		9162065		9162038		105
		9162065		9162043		19
		9162065		9162044		8
		9162065		9162045		4
		9162065		9162046		4
		9162065		9162047		8
		9162065		9162048		12
		9162065		9162058		17
		9162065		9162059		6
		9162065		9162060		11
		9162065		9162061		18
		9162065		9162062		33
		9162065		9162063		12
		9162065		9162064		110
		9162065		9162065		98
		9162065		9162066		62
		9162065		9162067		31
		9162065		9162068		11
		9162065		9162069		1
		9162065		9162070		2
		9162065		9162071		9
		9162065		9162072		4
		9162065		9162074		14
		9162065		9162075		40
		9162065		9162078		8
		9162065		9162084		3
		9162065		9162085		2
		9162065		9162087		27
		9162065		9162090		2
		9162065		9162091		2
		9162065		9162092		1
		9162065		9162094		47
		9162065		9162095		16
		9162065		9162099		3
		9162065		9162101		44
		9162065		9162104		6
		9162065		9162105		2
		9162065		9162108		2
		9162065		9162109		3
		9162065		9162110		2
		9162065		9162111		2
		9162065		9162112		14
		9162065		9162113		18
		9162065		9162122		2
		9162065		9162123		14
		9162065		9162124		1
		9162065		9162125		1
		9162065		9162126		11
		9162065		9162127		2
		9162065		9162129		5
		9162065		9162132		3
		9162065		9162133		2
		9162065		9162140		7
		9162065		9162159		2
		9162065		9162160		57
		9162065		9162161		10
		9162065		9162162		9
		9162065		9162163		14
		9162066		9162000		0
		9162066		9162025		2
		9162066		9162028		2
		9162066		9162038		93
		9162066		9162043		34
		9162066		9162044		13
		9162066		9162045		4
		9162066		9162046		3
		9162066		9162047		5
		9162066		9162048		8
		9162066		9162058		10
		9162066		9162059		4
		9162066		9162060		7
		9162066		9162061		9
		9162066		9162062		14
		9162066		9162063		7
		9162066		9162064		56
		9162066		9162065		53
		9162066		9162066		83
		9162066		9162067		58
		9162066		9162068		22
		9162066		9162069		1
		9162066		9162070		3
		9162066		9162071		15
		9162066		9162072		6
		9162066		9162074		8
		9162066		9162075		21
		9162066		9162078		13
		9162066		9162084		5
		9162066		9162085		3
		9162066		9162087		9
		9162066		9162090		2
		9162066		9162091		2
		9162066		9162092		2
		9162066		9162094		28
		9162066		9162095		16
		9162066		9162099		2
		9162066		9162101		38
		9162066		9162104		8
		9162066		9162105		2
		9162066		9162108		1
		9162066		9162109		3
		9162066		9162110		1
		9162066		9162111		2
		9162066		9162112		17
		9162066		9162113		25
		9162066		9162122		2
		9162066		9162123		17
		9162066		9162124		1
		9162066		9162125		2
		9162066		9162126		11
		9162066		9162127		2
		9162066		9162129		6
		9162066		9162132		2
		9162066		9162133		2
		9162066		9162140		4
		9162066		9162159		2
		9162066		9162160		33
		9162066		9162161		8
		9162066		9162162		14
		9162066		9162163		8
		9162067		9162000		1
		9162067		9162025		2
		9162067		9162028		2
		9162067		9162038		74
		9162067		9162043		50
		9162067		9162044		25
		9162067		9162045		6
		9162067		9162046		3
		9162067		9162047		4
		9162067		9162048		6
		9162067		9162058		5
		9162067		9162059		2
		9162067		9162060		2
		9162067		9162061		7
		9162067		9162062		4
		9162067		9162063		2
		9162067		9162064		56
		9162067		9162065		30
		9162067		9162066		69
		9162067		9162067		0
		9162067		9162068		16
		9162067		9162069		1
		9162067		9162070		3
		9162067		9162071		16
		9162067		9162072		9
		9162067		9162074		6
		9162067		9162075		18
		9162067		9162078		19
		9162067		9162084		6
		9162067		9162085		4
		9162067		9162087		6
		9162067		9162090		2
		9162067		9162091		2
		9162067		9162092		2
		9162067		9162094		7
		9162067		9162095		4
		9162067		9162099		1
		9162067		9162101		16
		9162067		9162104		10
		9162067		9162105		4
		9162067		9162108		1
		9162067		9162109		2
		9162067		9162110		2
		9162067		9162111		2
		9162067		9162112		6
		9162067		9162113		8
		9162067		9162122		3
		9162067		9162123		21
		9162067		9162124		3
		9162067		9162125		2
		9162067		9162126		19
		9162067		9162127		2
		9162067		9162129		17
		9162067		9162132		3
		9162067		9162133		3
		9162067		9162140		4
		9162067		9162159		2
		9162067		9162160		27
		9162067		9162161		7
		9162067		9162162		19
		9162067		9162163		4
		9162068		9162000		1
		9162068		9162025		5
		9162068		9162028		5
		9162068		9162038		52
		9162068		9162043		15
		9162068		9162044		8
		9162068		9162045		3
		9162068		9162046		2
		9162068		9162047		4
		9162068		9162048		5
		9162068		9162058		4
		9162068		9162059		2
		9162068		9162060		3
		9162068		9162061		4
		9162068		9162062		3
		9162068		9162063		2
		9162068		9162064		33
		9162068		9162065		14
		9162068		9162066		33
		9162068		9162067		20
		9162068		9162068		76
		9162068		9162069		2
		9162068		9162070		8
		9162068		9162071		33
		9162068		9162072		7
		9162068		9162074		5
		9162068		9162075		14
		9162068		9162078		13
		9162068		9162084		7
		9162068		9162085		6
		9162068		9162087		3
		9162068		9162090		2
		9162068		9162091		1
		9162068		9162092		3
		9162068		9162094		6
		9162068		9162095		4
		9162068		9162099		1
		9162068		9162101		27
		9162068		9162104		8
		9162068		9162105		3
		9162068		9162108		1
		9162068		9162109		1
		9162068		9162110		1
		9162068		9162111		5
		9162068		9162112		8
		9162068		9162113		9
		9162068		9162122		14
		9162068		9162123		47
		9162068		9162124		9
		9162068		9162125		5
		9162068		9162126		20
		9162068		9162127		6
		9162068		9162129		13
		9162068		9162132		1
		9162068		9162133		2
		9162068		9162140		4
		9162068		9162159		2
		9162068		9162160		22
		9162068		9162161		5
		9162068		9162162		40
		9162068		9162163		4
		9162069		9162000		4
		9162069		9162025		6
		9162069		9162028		3
		9162069		9162038		13
		9162069		9162043		3
		9162069		9162044		2
		9162069		9162045		1
		9162069		9162046		1
		9162069		9162047		1
		9162069		9162048		1
		9162069		9162058		1
		9162069		9162059		1
		9162069		9162060		0
		9162069		9162061		0
		9162069		9162062		1
		9162069		9162063		0
		9162069		9162064		4
		9162069		9162065		1
		9162069		9162066		3
		9162069		9162067		2
		9162069		9162068		2
		9162069		9162069		0
		9162069		9162070		4
		9162069		9162071		2
		9162069		9162072		2
		9162069		9162074		0
		9162069		9162075		2
		9162069		9162078		4
		9162069		9162084		12
		9162069		9162085		5
		9162069		9162087		0
		9162069		9162090		1
		9162069		9162091		1
		9162069		9162092		2
		9162069		9162094		0
		9162069		9162095		0
		9162069		9162099		1
		9162069		9162101		1
		9162069		9162104		3
		9162069		9162105		2
		9162069		9162108		0
		9162069		9162109		0
		9162069		9162110		0
		9162069		9162111		6
		9162069		9162112		1
		9162069		9162113		0
		9162069		9162122		2
		9162069		9162123		7
		9162069		9162124		2
		9162069		9162125		2
		9162069		9162126		10
		9162069		9162127		2
		9162069		9162129		2
		9162069		9162132		0
		9162069		9162133		1
		9162069		9162140		1
		9162069		9162159		1
		9162069		9162160		4
		9162069		9162161		1
		9162069		9162162		3
		9162069		9162163		0
		9162070		9162000		2
		9162070		9162025		6
		9162070		9162028		9
		9162070		9162038		25
		9162070		9162043		6
		9162070		9162044		3
		9162070		9162045		2
		9162070		9162046		1
		9162070		9162047		1
		9162070		9162048		2
		9162070		9162058		1
		9162070		9162059		0
		9162070		9162060		1
		9162070		9162061		2
		9162070		9162062		1
		9162070		9162063		0
		9162070		9162064		10
		9162070		9162065		4
		9162070		9162066		7
		9162070		9162067		6
		9162070		9162068		10
		9162070		9162069		4
		9162070		9162070		11
		9162070		9162071		4
		9162070		9162072		6
		9162070		9162074		2
		9162070		9162075		5
		9162070		9162078		7
		9162070		9162084		9
		9162070		9162085		8
		9162070		9162087		0
		9162070		9162090		2
		9162070		9162091		1
		9162070		9162092		5
		9162070		9162094		2
		9162070		9162095		1
		9162070		9162099		0
		9162070		9162101		3
		9162070		9162104		6
		9162070		9162105		4
		9162070		9162108		1
		9162070		9162109		1
		9162070		9162110		1
		9162070		9162111		8
		9162070		9162112		2
		9162070		9162113		2
		9162070		9162122		9
		9162070		9162123		18
		9162070		9162124		9
		9162070		9162125		11
		9162070		9162126		28
		9162070		9162127		10
		9162070		9162129		6
		9162070		9162132		1
		9162070		9162133		2
		9162070		9162140		2
		9162070		9162159		1
		9162070		9162160		9
		9162070		9162161		2
		9162070		9162162		6
		9162070		9162163		1
		9162071		9162000		1
		9162071		9162025		1
		9162071		9162028		2
		9162071		9162038		39
		9162071		9162043		13
		9162071		9162044		6
		9162071		9162045		2
		9162071		9162046		1
		9162071		9162047		3
		9162071		9162048		2
		9162071		9162058		2
		9162071		9162059		0
		9162071		9162060		1
		9162071		9162061		3
		9162071		9162062		2
		9162071		9162063		1
		9162071		9162064		19
		9162071		9162065		9
		9162071		9162066		20
		9162071		9162067		17
		9162071		9162068		32
		9162071		9162069		1
		9162071		9162070		3
		9162071		9162071		0
		9162071		9162072		5
		9162071		9162074		3
		9162071		9162075		8
		9162071		9162078		11
		9162071		9162084		3
		9162071		9162085		3
		9162071		9162087		2
		9162071		9162090		1
		9162071		9162091		1
		9162071		9162092		1
		9162071		9162094		2
		9162071		9162095		1
		9162071		9162099		1
		9162071		9162101		8
		9162071		9162104		7
		9162071		9162105		1
		9162071		9162108		1
		9162071		9162109		0
		9162071		9162110		1
		9162071		9162111		1
		9162071		9162112		3
		9162071		9162113		3
		9162071		9162122		4
		9162071		9162123		32
		9162071		9162124		2
		9162071		9162125		2
		9162071		9162126		13
		9162071		9162127		2
		9162071		9162129		10
		9162071		9162132		1
		9162071		9162133		1
		9162071		9162140		1
		9162071		9162159		2
		9162071		9162160		12
		9162071		9162161		3
		9162071		9162162		29
		9162071		9162163		2
		9162072		9162000		2
		9162072		9162025		3
		9162072		9162028		3
		9162072		9162038		31
		9162072		9162043		11
		9162072		9162044		5
		9162072		9162045		1
		9162072		9162046		0
		9162072		9162047		1
		9162072		9162048		2
		9162072		9162058		1
		9162072		9162059		0
		9162072		9162060		0
		9162072		9162061		2
		9162072		9162062		1
		9162072		9162063		1
		9162072		9162064		11
		9162072		9162065		5
		9162072		9162066		9
		9162072		9162067		10
		9162072		9162068		6
		9162072		9162069		2
		9162072		9162070		5
		9162072		9162071		6
		9162072		9162072		0
		9162072		9162074		1
		9162072		9162075		5
		9162072		9162078		15
		9162072		9162084		10
		9162072		9162085		8
		9162072		9162087		1
		9162072		9162090		2
		9162072		9162091		1
		9162072		9162092		2
		9162072		9162094		2
		9162072		9162095		1
		9162072		9162099		0
		9162072		9162101		3
		9162072		9162104		18
		9162072		9162105		4
		9162072		9162108		0
		9162072		9162109		0
		9162072		9162110		1
		9162072		9162111		2
		9162072		9162112		1
		9162072		9162113		2
		9162072		9162122		3
		9162072		9162123		26
		9162072		9162124		4
		9162072		9162125		2
		9162072		9162126		22
		9162072		9162127		2
		9162072		9162129		14
		9162072		9162132		0
		9162072		9162133		1
		9162072		9162140		2
		9162072		9162159		1
		9162072		9162160		9
		9162072		9162161		2
		9162072		9162162		12
		9162072		9162163		1
		9162074		9162000		1
		9162074		9162025		1
		9162074		9162028		1
		9162074		9162038		38
		9162074		9162043		6
		9162074		9162044		5
		9162074		9162045		2
		9162074		9162046		4
		9162074		9162047		6
		9162074		9162048		12
		9162074		9162058		8
		9162074		9162059		12
		9162074		9162060		4
		9162074		9162061		31
		9162074		9162062		5
		9162074		9162063		3
		9162074		9162064		60
		9162074		9162065		15
		9162074		9162066		11
		9162074		9162067		7
		9162074		9162068		3
		9162074		9162069		0
		9162074		9162070		1
		9162074		9162071		3
		9162074		9162072		1
		9162074		9162074		0
		9162074		9162075		100
		9162074		9162078		3
		9162074		9162084		2
		9162074		9162085		1
		9162074		9162087		7
		9162074		9162090		1
		9162074		9162091		2
		9162074		9162092		0
		9162074		9162094		6
		9162074		9162095		3
		9162074		9162099		3
		9162074		9162101		5
		9162074		9162104		3
		9162074		9162105		0
		9162074		9162108		2
		9162074		9162109		2
		9162074		9162110		1
		9162074		9162111		1
		9162074		9162112		3
		9162074		9162113		6
		9162074		9162122		1
		9162074		9162123		5
		9162074		9162124		0
		9162074		9162125		1
		9162074		9162126		4
		9162074		9162127		1
		9162074		9162129		2
		9162074		9162132		2
		9162074		9162133		2
		9162074		9162140		8
		9162074		9162159		2
		9162074		9162160		38
		9162074		9162161		6
		9162074		9162162		3
		9162074		9162163		9
		9162075		9162000		1
		9162075		9162025		1
		9162075		9162028		2
		9162075		9162038		67
		9162075		9162043		13
		9162075		9162044		12
		9162075		9162045		8
		9162075		9162046		15
		9162075		9162047		21
		9162075		9162048		61
		9162075		9162058		11
		9162075		9162059		16
		9162075		9162060		5
		9162075		9162061		33
		9162075		9162062		11
		9162075		9162063		6
		9162075		9162064		118
		9162075		9162065		29
		9162075		9162066		19
		9162075		9162067		15
		9162075		9162068		7
		9162075		9162069		1
		9162075		9162070		2
		9162075		9162071		5
		9162075		9162072		2
		9162075		9162074		69
		9162075		9162075		154
		9162075		9162078		7
		9162075		9162084		3
		9162075		9162085		2
		9162075		9162087		15
		9162075		9162090		3
		9162075		9162091		4
		9162075		9162092		1
		9162075		9162094		9
		9162075		9162095		6
		9162075		9162099		6
		9162075		9162101		7
		9162075		9162104		7
		9162075		9162105		2
		9162075		9162108		7
		9162075		9162109		6
		9162075		9162110		3
		9162075		9162111		2
		9162075		9162112		5
		9162075		9162113		10
		9162075		9162122		1
		9162075		9162123		9
		9162075		9162124		1
		9162075		9162125		1
		9162075		9162126		7
		9162075		9162127		1
		9162075		9162129		2
		9162075		9162132		5
		9162075		9162133		5
		9162075		9162140		16
		9162075		9162159		4
		9162075		9162160		122
		9162075		9162161		16
		9162075		9162162		6
		9162075		9162163		15
		9162078		9162000		1
		9162078		9162025		4
		9162078		9162028		3
		9162078		9162038		47
		9162078		9162043		28
		9162078		9162044		14
		9162078		9162045		4
		9162078		9162046		1
		9162078		9162047		2
		9162078		9162048		3
		9162078		9162058		2
		9162078		9162059		0
		9162078		9162060		0
		9162078		9162061		2
		9162078		9162062		1
		9162078		9162063		0
		9162078		9162064		14
		9162078		9162065		7
		9162078		9162066		13
		9162078		9162067		16
		9162078		9162068		9
		9162078		9162069		2
		9162078		9162070		5
		9162078		9162071		9
		9162078		9162072		11
		9162078		9162074		3
		9162078		9162075		8
		9162078		9162078		0
		9162078		9162084		10
		9162078		9162085		8
		9162078		9162087		1
		9162078		9162090		5
		9162078		9162091		1
		9162078		9162092		2
		9162078		9162094		2
		9162078		9162095		1
		9162078		9162099		1
		9162078		9162101		5
		9162078		9162104		22
		9162078		9162105		6
		9162078		9162108		1
		9162078		9162109		1
		9162078		9162110		1
		9162078		9162111		3
		9162078		9162112		3
		9162078		9162113		3
		9162078		9162122		2
		9162078		9162123		27
		9162078		9162124		3
		9162078		9162125		3
		9162078		9162126		20
		9162078		9162127		3
		9162078		9162129		18
		9162078		9162132		2
		9162078		9162133		2
		9162078		9162140		3
		9162078		9162159		2
		9162078		9162160		14
		9162078		9162161		4
		9162078		9162162		11
		9162078		9162163		1
		9162084		9162000		13
		9162084		9162025		24
		9162084		9162028		8
		9162084		9162038		52
		9162084		9162043		13
		9162084		9162044		9
		9162084		9162045		3
		9162084		9162046		2
		9162084		9162047		3
		9162084		9162048		3
		9162084		9162058		1
		9162084		9162059		1
		9162084		9162060		1
		9162084		9162061		2
		9162084		9162062		1
		9162084		9162063		0
		9162084		9162064		13
		9162084		9162065		6
		9162084		9162066		12
		9162084		9162067		10
		9162084		9162068		9
		9162084		9162069		14
		9162084		9162070		10
		9162084		9162071		6
		9162084		9162072		13
		9162084		9162074		2
		9162084		9162075		9
		9162084		9162078		17
		9162084		9162084		0
		9162084		9162085		21
		9162084		9162087		2
		9162084		9162090		6
		9162084		9162091		3
		9162084		9162092		6
		9162084		9162094		2
		9162084		9162095		1
		9162084		9162099		2
		9162084		9162101		4
		9162084		9162104		15
		9162084		9162105		11
		9162084		9162108		1
		9162084		9162109		3
		9162084		9162110		2
		9162084		9162111		16
		9162084		9162112		3
		9162084		9162113		2
		9162084		9162122		6
		9162084		9162123		20
		9162084		9162124		5
		9162084		9162125		6
		9162084		9162126		43
		9162084		9162127		5
		9162084		9162129		9
		9162084		9162132		1
		9162084		9162133		3
		9162084		9162140		4
		9162084		9162159		3
		9162084		9162160		17
		9162084		9162161		5
		9162084		9162162		7
		9162084		9162163		2
		9162085		9162000		3
		9162085		9162025		9
		9162085		9162028		5
		9162085		9162038		32
		9162085		9162043		9
		9162085		9162044		7
		9162085		9162045		3
		9162085		9162046		1
		9162085		9162047		2
		9162085		9162048		2
		9162085		9162058		1
		9162085		9162059		1
		9162085		9162060		0
		9162085		9162061		1
		9162085		9162062		1
		9162085		9162063		0
		9162085		9162064		9
		9162085		9162065		3
		9162085		9162066		6
		9162085		9162067		6
		9162085		9162068		7
		9162085		9162069		5
		9162085		9162070		8
		9162085		9162071		4
		9162085		9162072		8
		9162085		9162074		2
		9162085		9162075		6
		9162085		9162078		12
		9162085		9162084		17
		9162085		9162085		0
		9162085		9162087		0
		9162085		9162090		5
		9162085		9162091		2
		9162085		9162092		3
		9162085		9162094		1
		9162085		9162095		1
		9162085		9162099		1
		9162085		9162101		3
		9162085		9162104		13
		9162085		9162105		10
		9162085		9162108		1
		9162085		9162109		1
		9162085		9162110		2
		9162085		9162111		7
		9162085		9162112		2
		9162085		9162113		2
		9162085		9162122		4
		9162085		9162123		18
		9162085		9162124		5
		9162085		9162125		3
		9162085		9162126		29
		9162085		9162127		3
		9162085		9162129		7
		9162085		9162132		1
		9162085		9162133		2
		9162085		9162140		3
		9162085		9162159		1
		9162085		9162160		11
		9162085		9162161		4
		9162085		9162162		6
		9162085		9162163		1
		9162087		9162000		0
		9162087		9162025		1
		9162087		9162028		1
		9162087		9162038		38
		9162087		9162043		7
		9162087		9162044		4
		9162087		9162045		2
		9162087		9162046		3
		9162087		9162047		5
		9162087		9162048		9
		9162087		9162058		16
		9162087		9162059		7
		9162087		9162060		9
		9162087		9162061		16
		9162087		9162062		21
		9162087		9162063		9
		9162087		9162064		69
		9162087		9162065		39
		9162087		9162066		18
		9162087		9162067		9
		9162087		9162068		5
		9162087		9162069		1
		9162087		9162070		1
		9162087		9162071		4
		9162087		9162072		1
		9162087		9162074		10
		9162087		9162075		29
		9162087		9162078		4
		9162087		9162084		2
		9162087		9162085		1
		9162087		9162087		0
		9162087		9162090		0
		9162087		9162091		1
		9162087		9162092		1
		9162087		9162094		11
		9162087		9162095		7
		9162087		9162099		2
		9162087		9162101		8
		9162087		9162104		2
		9162087		9162105		1
		9162087		9162108		2
		9162087		9162109		2
		9162087		9162110		1
		9162087		9162111		0
		9162087		9162112		5
		9162087		9162113		9
		9162087		9162122		0
		9162087		9162123		6
		9162087		9162124		0
		9162087		9162125		1
		9162087		9162126		5
		9162087		9162127		1
		9162087		9162129		2
		9162087		9162132		1
		9162087		9162133		1
		9162087		9162140		4
		9162087		9162159		1
		9162087		9162160		31
		9162087		9162161		5
		9162087		9162162		4
		9162087		9162163		19
		9162090		9162000		1
		9162090		9162025		3
		9162090		9162028		1
		9162090		9162038		30
		9162090		9162043		9
		9162090		9162044		23
		9162090		9162045		10
		9162090		9162046		2
		9162090		9162047		2
		9162090		9162048		3
		9162090		9162058		1
		9162090		9162059		0
		9162090		9162060		0
		9162090		9162061		2
		9162090		9162062		0
		9162090		9162063		0
		9162090		9162064		10
		9162090		9162065		3
		9162090		9162066		4
		9162090		9162067		5
		9162090		9162068		3
		9162090		9162069		2
		9162090		9162070		2
		9162090		9162071		2
		9162090		9162072		3
		9162090		9162074		2
		9162090		9162075		7
		9162090		9162078		9
		9162090		9162084		6
		9162090		9162085		7
		9162090		9162087		1
		9162090		9162090		0
		9162090		9162091		1
		9162090		9162092		1
		9162090		9162094		1
		9162090		9162095		1
		9162090		9162099		2
		9162090		9162101		3
		9162090		9162104		17
		9162090		9162105		7
		9162090		9162108		1
		9162090		9162109		2
		9162090		9162110		2
		9162090		9162111		2
		9162090		9162112		1
		9162090		9162113		2
		9162090		9162122		1
		9162090		9162123		7
		9162090		9162124		1
		9162090		9162125		1
		9162090		9162126		8
		9162090		9162127		1
		9162090		9162129		4
		9162090		9162132		3
		9162090		9162133		4
		9162090		9162140		3
		9162090		9162159		2
		9162090		9162160		15
		9162090		9162161		7
		9162090		9162162		3
		9162090		9162163		1
		9162091		9162000		2
		9162091		9162025		2
		9162091		9162028		2
		9162091		9162038		36
		9162091		9162043		6
		9162091		9162044		5
		9162091		9162045		5
		9162091		9162046		5
		9162091		9162047		11
		9162091		9162048		8
		9162091		9162058		3
		9162091		9162059		1
		9162091		9162060		1
		9162091		9162061		3
		9162091		9162062		2
		9162091		9162063		1
		9162091		9162064		19
		9162091		9162065		6
		9162091		9162066		7
		9162091		9162067		5
		9162091		9162068		3
		9162091		9162069		1
		9162091		9162070		1
		9162091		9162071		3
		9162091		9162072		2
		9162091		9162074		4
		9162091		9162075		15
		9162091		9162078		4
		9162091		9162084		2
		9162091		9162085		1
		9162091		9162087		1
		9162091		9162090		2
		9162091		9162091		40
		9162091		9162092		1
		9162091		9162094		2
		9162091		9162095		1
		9162091		9162099		37
		9162091		9162101		3
		9162091		9162104		3
		9162091		9162105		2
		9162091		9162108		12
		9162091		9162109		16
		9162091		9162110		13
		9162091		9162111		2
		9162091		9162112		2
		9162091		9162113		3
		9162091		9162122		0
		9162091		9162123		7
		9162091		9162124		1
		9162091		9162125		1
		9162091		9162126		6
		9162091		9162127		1
		9162091		9162129		1
		9162091		9162132		4
		9162091		9162133		10
		9162091		9162140		23
		9162091		9162159		11
		9162091		9162160		27
		9162091		9162161		8
		9162091		9162162		3
		9162091		9162163		3
		9162092		9162000		3
		9162092		9162025		4
		9162092		9162028		13
		9162092		9162038		21
		9162092		9162043		5
		9162092		9162044		3
		9162092		9162045		2
		9162092		9162046		1
		9162092		9162047		2
		9162092		9162048		2
		9162092		9162058		1
		9162092		9162059		0
		9162092		9162060		1
		9162092		9162061		1
		9162092		9162062		1
		9162092		9162063		0
		9162092		9162064		9
		9162092		9162065		4
		9162092		9162066		6
		9162092		9162067		4
		9162092		9162068		5
		9162092		9162069		3
		9162092		9162070		6
		9162092		9162071		2
		9162092		9162072		3
		9162092		9162074		2
		9162092		9162075		4
		9162092		9162078		4
		9162092		9162084		7
		9162092		9162085		4
		9162092		9162087		0
		9162092		9162090		2
		9162092		9162091		1
		9162092		9162092		23
		9162092		9162094		1
		9162092		9162095		0
		9162092		9162099		1
		9162092		9162101		3
		9162092		9162104		4
		9162092		9162105		2
		9162092		9162108		1
		9162092		9162109		2
		9162092		9162110		1
		9162092		9162111		10
		9162092		9162112		1
		9162092		9162113		2
		9162092		9162122		3
		9162092		9162123		11
		9162092		9162124		3
		9162092		9162125		5
		9162092		9162126		15
		9162092		9162127		10
		9162092		9162129		4
		9162092		9162132		1
		9162092		9162133		2
		9162092		9162140		2
		9162092		9162159		2
		9162092		9162160		9
		9162092		9162161		2
		9162092		9162162		4
		9162092		9162163		1
		9162094		9162000		0
		9162094		9162025		0
		9162094		9162028		1
		9162094		9162038		38
		9162094		9162043		7
		9162094		9162044		3
		9162094		9162045		2
		9162094		9162046		2
		9162094		9162047		3
		9162094		9162048		6
		9162094		9162058		17
		9162094		9162059		6
		9162094		9162060		17
		9162094		9162061		5
		9162094		9162062		24
		9162094		9162063		16
		9162094		9162064		32
		9162094		9162065		55
		9162094		9162066		37
		9162094		9162067		8
		9162094		9162068		6
		9162094		9162069		0
		9162094		9162070		1
		9162094		9162071		3
		9162094		9162072		1
		9162094		9162074		6
		9162094		9162075		15
		9162094		9162078		4
		9162094		9162084		1
		9162094		9162085		1
		9162094		9162087		8
		9162094		9162090		1
		9162094		9162091		1
		9162094		9162092		1
		9162094		9162094		0
		9162094		9162095		24
		9162094		9162099		2
		9162094		9162101		28
		9162094		9162104		2
		9162094		9162105		0
		9162094		9162108		1
		9162094		9162109		1
		9162094		9162110		1
		9162094		9162111		1
		9162094		9162112		17
		9162094		9162113		25
		9162094		9162122		1
		9162094		9162123		6
		9162094		9162124		0
		9162094		9162125		1
		9162094		9162126		5
		9162094		9162127		0
		9162094		9162129		2
		9162094		9162132		1
		9162094		9162133		1
		9162094		9162140		4
		9162094		9162159		1
		9162094		9162160		20
		9162094		9162161		4
		9162094		9162162		4
		9162094		9162163		12
		9162095		9162000		1
		9162095		9162025		1
		9162095		9162028		1
		9162095		9162038		34
		9162095		9162043		6
		9162095		9162044		2
		9162095		9162045		1
		9162095		9162046		1
		9162095		9162047		3
		9162095		9162048		5
		9162095		9162058		17
		9162095		9162059		5
		9162095		9162060		24
		9162095		9162061		5
		9162095		9162062		19
		9162095		9162063		15
		9162095		9162064		26
		9162095		9162065		23
		9162095		9162066		28
		9162095		9162067		8
		9162095		9162068		6
		9162095		9162069		0
		9162095		9162070		0
		9162095		9162071		3
		9162095		9162072		1
		9162095		9162074		5
		9162095		9162075		15
		9162095		9162078		3
		9162095		9162084		1
		9162095		9162085		0
		9162095		9162087		6
		9162095		9162090		0
		9162095		9162091		1
		9162095		9162092		1
		9162095		9162094		30
		9162095		9162095		0
		9162095		9162099		1
		9162095		9162101		26
		9162095		9162104		3
		9162095		9162105		0
		9162095		9162108		1
		9162095		9162109		1
		9162095		9162110		0
		9162095		9162111		1
		9162095		9162112		22
		9162095		9162113		36
		9162095		9162122		1
		9162095		9162123		6
		9162095		9162124		1
		9162095		9162125		1
		9162095		9162126		4
		9162095		9162127		1
		9162095		9162129		2
		9162095		9162132		1
		9162095		9162133		1
		9162095		9162140		3
		9162095		9162159		1
		9162095		9162160		18
		9162095		9162161		3
		9162095		9162162		4
		9162095		9162163		10
		9162099		9162000		1
		9162099		9162025		2
		9162099		9162028		1
		9162099		9162038		33
		9162099		9162043		6
		9162099		9162044		6
		9162099		9162045		6
		9162099		9162046		9
		9162099		9162047		15
		9162099		9162048		11
		9162099		9162058		3
		9162099		9162059		2
		9162099		9162060		1
		9162099		9162061		3
		9162099		9162062		2
		9162099		9162063		1
		9162099		9162064		21
		9162099		9162065		6
		9162099		9162066		6
		9162099		9162067		4
		9162099		9162068		2
		9162099		9162069		0
		9162099		9162070		1
		9162099		9162071		2
		9162099		9162072		1
		9162099		9162074		6
		9162099		9162075		17
		9162099		9162078		3
		9162099		9162084		2
		9162099		9162085		2
		9162099		9162087		2
		9162099		9162090		2
		9162099		9162091		37
		9162099		9162092		1
		9162099		9162094		2
		9162099		9162095		2
		9162099		9162099		36
		9162099		9162101		3
		9162099		9162104		3
		9162099		9162105		1
		9162099		9162108		11
		9162099		9162109		16
		9162099		9162110		12
		9162099		9162111		2
		9162099		9162112		2
		9162099		9162113		4
		9162099		9162122		1
		9162099		9162123		5
		9162099		9162124		0
		9162099		9162125		1
		9162099		9162126		5
		9162099		9162127		1
		9162099		9162129		1
		9162099		9162132		4
		9162099		9162133		8
		9162099		9162140		43
		9162099		9162159		10
		9162099		9162160		27
		9162099		9162161		7
		9162099		9162162		2
		9162099		9162163		3
		9162101		9162000		0
		9162101		9162025		2
		9162101		9162028		1
		9162101		9162038		42
		9162101		9162043		11
		9162101		9162044		6
		9162101		9162045		2
		9162101		9162046		2
		9162101		9162047		2
		9162101		9162048		3
		9162101		9162058		8
		9162101		9162059		3
		9162101		9162060		8
		9162101		9162061		4
		9162101		9162062		15
		9162101		9162063		8
		9162101		9162064		25
		9162101		9162065		43
		9162101		9162066		42
		9162101		9162067		15
		9162101		9162068		21
		9162101		9162069		1
		9162101		9162070		1
		9162101		9162071		8
		9162101		9162072		3
		9162101		9162074		4
		9162101		9162075		9
		9162101		9162078		5
		9162101		9162084		1
		9162101		9162085		2
		9162101		9162087		5
		9162101		9162090		1
		9162101		9162091		1
		9162101		9162092		1
		9162101		9162094		23
		9162101		9162095		18
		9162101		9162099		1
		9162101		9162101		25
		9162101		9162104		4
		9162101		9162105		1
		9162101		9162108		1
		9162101		9162109		1
		9162101		9162110		1
		9162101		9162111		0
		9162101		9162112		20
		9162101		9162113		24
		9162101		9162122		2
		9162101		9162123		12
		9162101		9162124		1
		9162101		9162125		1
		9162101		9162126		7
		9162101		9162127		1
		9162101		9162129		3
		9162101		9162132		1
		9162101		9162133		1
		9162101		9162140		2
		9162101		9162159		1
		9162101		9162160		16
		9162101		9162161		3
		9162101		9162162		8
		9162101		9162163		6
		9162104		9162000		3
		9162104		9162025		4
		9162104		9162028		3
		9162104		9162038		95
		9162104		9162043		33
		9162104		9162044		23
		9162104		9162045		7
		9162104		9162046		2
		9162104		9162047		4
		9162104		9162048		5
		9162104		9162058		2
		9162104		9162059		1
		9162104		9162060		1
		9162104		9162061		3
		9162104		9162062		1
		9162104		9162063		1
		9162104		9162064		23
		9162104		9162065		9
		9162104		9162066		15
		9162104		9162067		14
		9162104		9162068		9
		9162104		9162069		3
		9162104		9162070		5
		9162104		9162071		9
		9162104		9162072		20
		9162104		9162074		4
		9162104		9162075		15
		9162104		9162078		33
		9162104		9162084		11
		9162104		9162085		13
		9162104		9162087		2
		9162104		9162090		13
		9162104		9162091		2
		9162104		9162092		3
		9162104		9162094		2
		9162104		9162095		2
		9162104		9162099		2
		9162104		9162101		6
		9162104		9162104		37
		9162104		9162105		14
		9162104		9162108		2
		9162104		9162109		2
		9162104		9162110		2
		9162104		9162111		5
		9162104		9162112		3
		9162104		9162113		4
		9162104		9162122		4
		9162104		9162123		29
		9162104		9162124		4
		9162104		9162125		2
		9162104		9162126		22
		9162104		9162127		3
		9162104		9162129		23
		9162104		9162132		3
		9162104		9162133		3
		9162104		9162140		5
		9162104		9162159		3
		9162104		9162160		25
		9162104		9162161		7
		9162104		9162162		15
		9162104		9162163		3
		9162105		9162000		3
		9162105		9162025		4
		9162105		9162028		2
		9162105		9162038		29
		9162105		9162043		9
		9162105		9162044		8
		9162105		9162045		3
		9162105		9162046		1
		9162105		9162047		2
		9162105		9162048		2
		9162105		9162058		0
		9162105		9162059		1
		9162105		9162060		0
		9162105		9162061		1
		9162105		9162062		0
		9162105		9162063		0
		9162105		9162064		8
		9162105		9162065		4
		9162105		9162066		6
		9162105		9162067		6
		9162105		9162068		4
		9162105		9162069		3
		9162105		9162070		4
		9162105		9162071		2
		9162105		9162072		5
		9162105		9162074		1
		9162105		9162075		5
		9162105		9162078		10
		9162105		9162084		11
		9162105		9162085		13
		9162105		9162087		1
		9162105		9162090		8
		9162105		9162091		2
		9162105		9162092		3
		9162105		9162094		2
		9162105		9162095		1
		9162105		9162099		1
		9162105		9162101		3
		9162105		9162104		19
		9162105		9162105		0
		9162105		9162108		1
		9162105		9162109		1
		9162105		9162110		1
		9162105		9162111		4
		9162105		9162112		1
		9162105		9162113		2
		9162105		9162122		1
		9162105		9162123		10
		9162105		9162124		2
		9162105		9162125		2
		9162105		9162126		13
		9162105		9162127		2
		9162105		9162129		4
		9162105		9162132		2
		9162105		9162133		2
		9162105		9162140		2
		9162105		9162159		1
		9162105		9162160		10
		9162105		9162161		4
		9162105		9162162		4
		9162105		9162163		1
		9162108		9162000		0
		9162108		9162025		1
		9162108		9162028		0
		9162108		9162038		28
		9162108		9162043		3
		9162108		9162044		5
		9162108		9162045		6
		9162108		9162046		10
		9162108		9162047		18
		9162108		9162048		12
		9162108		9162058		1
		9162108		9162059		2
		9162108		9162060		1
		9162108		9162061		3
		9162108		9162062		1
		9162108		9162063		1
		9162108		9162064		15
		9162108		9162065		5
		9162108		9162066		5
		9162108		9162067		4
		9162108		9162068		2
		9162108		9162069		0
		9162108		9162070		1
		9162108		9162071		2
		9162108		9162072		1
		9162108		9162074		3
		9162108		9162075		14
		9162108		9162078		2
		9162108		9162084		1
		9162108		9162085		1
		9162108		9162087		1
		9162108		9162090		2
		9162108		9162091		11
		9162108		9162092		1
		9162108		9162094		2
		9162108		9162095		1
		9162108		9162099		10
		9162108		9162101		2
		9162108		9162104		2
		9162108		9162105		1
		9162108		9162108		0
		9162108		9162109		10
		9162108		9162110		7
		9162108		9162111		0
		9162108		9162112		1
		9162108		9162113		2
		9162108		9162122		0
		9162108		9162123		3
		9162108		9162124		1
		9162108		9162125		0
		9162108		9162126		3
		9162108		9162127		0
		9162108		9162129		0
		9162108		9162132		6
		9162108		9162133		7
		9162108		9162140		19
		9162108		9162159		6
		9162108		9162160		25
		9162108		9162161		7
		9162108		9162162		1
		9162108		9162163		2
		9162109		9162000		1
		9162109		9162025		2
		9162109		9162028		1
		9162109		9162038		31
		9162109		9162043		5
		9162109		9162044		7
		9162109		9162045		9
		9162109		9162046		11
		9162109		9162047		9
		9162109		9162048		9
		9162109		9162058		2
		9162109		9162059		1
		9162109		9162060		0
		9162109		9162061		2
		9162109		9162062		2
		9162109		9162063		0
		9162109		9162064		16
		9162109		9162065		5
		9162109		9162066		6
		9162109		9162067		4
		9162109		9162068		2
		9162109		9162069		1
		9162109		9162070		1
		9162109		9162071		2
		9162109		9162072		1
		9162109		9162074		3
		9162109		9162075		12
		9162109		9162078		3
		9162109		9162084		2
		9162109		9162085		1
		9162109		9162087		1
		9162109		9162090		2
		9162109		9162091		14
		9162109		9162092		1
		9162109		9162094		1
		9162109		9162095		1
		9162109		9162099		14
		9162109		9162101		2
		9162109		9162104		2
		9162109		9162105		1
		9162109		9162108		9
		9162109		9162109		0
		9162109		9162110		13
		9162109		9162111		1
		9162109		9162112		1
		9162109		9162113		2
		9162109		9162122		0
		9162109		9162123		4
		9162109		9162124		1
		9162109		9162125		0
		9162109		9162126		4
		9162109		9162127		0
		9162109		9162129		2
		9162109		9162132		9
		9162109		9162133		12
		9162109		9162140		14
		9162109		9162159		7
		9162109		9162160		32
		9162109		9162161		11
		9162109		9162162		2
		9162109		9162163		2
		9162110		9162000		0
		9162110		9162025		1
		9162110		9162028		1
		9162110		9162038		21
		9162110		9162043		4
		9162110		9162044		9
		9162110		9162045		9
		9162110		9162046		5
		9162110		9162047		4
		9162110		9162048		5
		9162110		9162058		1
		9162110		9162059		0
		9162110		9162060		1
		9162110		9162061		1
		9162110		9162062		1
		9162110		9162063		0
		9162110		9162064		11
		9162110		9162065		3
		9162110		9162066		4
		9162110		9162067		4
		9162110		9162068		1
		9162110		9162069		1
		9162110		9162070		1
		9162110		9162071		1
		9162110		9162072		1
		9162110		9162074		2
		9162110		9162075		8
		9162110		9162078		3
		9162110		9162084		2
		9162110		9162085		1
		9162110		9162087		1
		9162110		9162090		1
		9162110		9162091		12
		9162110		9162092		1
		9162110		9162094		1
		9162110		9162095		0
		9162110		9162099		11
		9162110		9162101		2
		9162110		9162104		2
		9162110		9162105		2
		9162110		9162108		7
		9162110		9162109		13
		9162110		9162110		0
		9162110		9162111		1
		9162110		9162112		1
		9162110		9162113		1
		9162110		9162122		1
		9162110		9162123		4
		9162110		9162124		1
		9162110		9162125		0
		9162110		9162126		3
		9162110		9162127		1
		9162110		9162129		1
		9162110		9162132		5
		9162110		9162133		12
		9162110		9162140		8
		9162110		9162159		9
		9162110		9162160		18
		9162110		9162161		8
		9162110		9162162		1
		9162110		9162163		2
		9162111		9162000		5
		9162111		9162025		14
		9162111		9162028		9
		9162111		9162038		28
		9162111		9162043		6
		9162111		9162044		4
		9162111		9162045		3
		9162111		9162046		1
		9162111		9162047		3
		9162111		9162048		3
		9162111		9162058		1
		9162111		9162059		1
		9162111		9162060		0
		9162111		9162061		2
		9162111		9162062		0
		9162111		9162063		0
		9162111		9162064		9
		9162111		9162065		3
		9162111		9162066		5
		9162111		9162067		4
		9162111		9162068		7
		9162111		9162069		8
		9162111		9162070		10
		9162111		9162071		3
		9162111		9162072		5
		9162111		9162074		2
		9162111		9162075		6
		9162111		9162078		7
		9162111		9162084		18
		9162111		9162085		11
		9162111		9162087		0
		9162111		9162090		2
		9162111		9162091		2
		9162111		9162092		10
		9162111		9162094		2
		9162111		9162095		0
		9162111		9162099		2
		9162111		9162101		3
		9162111		9162104		7
		9162111		9162105		4
		9162111		9162108		1
		9162111		9162109		2
		9162111		9162110		2
		9162111		9162111		0
		9162111		9162112		2
		9162111		9162113		1
		9162111		9162122		5
		9162111		9162123		11
		9162111		9162124		5
		9162111		9162125		7
		9162111		9162126		20
		9162111		9162127		3
		9162111		9162129		4
		9162111		9162132		1
		9162111		9162133		3
		9162111		9162140		3
		9162111		9162159		2
		9162111		9162160		10
		9162111		9162161		3
		9162111		9162162		5
		9162111		9162163		1
		9162112		9162000		0
		9162112		9162025		1
		9162112		9162028		1
		9162112		9162038		27
		9162112		9162043		5
		9162112		9162044		4
		9162112		9162045		1
		9162112		9162046		1
		9162112		9162047		3
		9162112		9162048		3
		9162112		9162058		8
		9162112		9162059		3
		9162112		9162060		11
		9162112		9162061		3
		9162112		9162062		7
		9162112		9162063		6
		9162112		9162064		15
		9162112		9162065		16
		9162112		9162066		23
		9162112		9162067		7
		9162112		9162068		8
		9162112		9162069		1
		9162112		9162070		1
		9162112		9162071		4
		9162112		9162072		1
		9162112		9162074		4
		9162112		9162075		9
		9162112		9162078		3
		9162112		9162084		1
		9162112		9162085		1
		9162112		9162087		3
		9162112		9162090		1
		9162112		9162091		1
		9162112		9162092		1
		9162112		9162094		18
		9162112		9162095		18
		9162112		9162099		1
		9162112		9162101		24
		9162112		9162104		3
		9162112		9162105		0
		9162112		9162108		1
		9162112		9162109		1
		9162112		9162110		1
		9162112		9162111		1
		9162112		9162112		22
		9162112		9162113		31
		9162112		9162122		2
		9162112		9162123		7
		9162112		9162124		1
		9162112		9162125		1
		9162112		9162126		5
		9162112		9162127		1
		9162112		9162129		2
		9162112		9162132		1
		9162112		9162133		0
		9162112		9162140		2
		9162112		9162159		1
		9162112		9162160		12
		9162112		9162161		2
		9162112		9162162		4
		9162112		9162163		5
		9162113		9162000		1
		9162113		9162025		1
		9162113		9162028		1
		9162113		9162038		41
		9162113		9162043		7
		9162113		9162044		4
		9162113		9162045		2
		9162113		9162046		2
		9162113		9162047		4
		9162113		9162048		6
		9162113		9162058		18
		9162113		9162059		5
		9162113		9162060		25
		9162113		9162061		5
		9162113		9162062		15
		9162113		9162063		12
		9162113		9162064		28
		9162113		9162065		21
		9162113		9162066		33
		9162113		9162067		10
		9162113		9162068		8
		9162113		9162069		0
		9162113		9162070		1
		9162113		9162071		4
		9162113		9162072		1
		9162113		9162074		7
		9162113		9162075		17
		9162113		9162078		4
		9162113		9162084		2
		9162113		9162085		1
		9162113		9162087		6
		9162113		9162090		1
		9162113		9162091		1
		9162113		9162092		1
		9162113		9162094		25
		9162113		9162095		30
		9162113		9162099		1
		9162113		9162101		29
		9162113		9162104		3
		9162113		9162105		0
		9162113		9162108		1
		9162113		9162109		1
		9162113		9162110		1
		9162113		9162111		1
		9162113		9162112		31
		9162113		9162113		49
		9162113		9162122		1
		9162113		9162123		8
		9162113		9162124		0
		9162113		9162125		1
		9162113		9162126		6
		9162113		9162127		1
		9162113		9162129		2
		9162113		9162132		2
		9162113		9162133		1
		9162113		9162140		4
		9162113		9162159		1
		9162113		9162160		20
		9162113		9162161		3
		9162113		9162162		4
		9162113		9162163		12
		9162122		9162000		2
		9162122		9162025		3
		9162122		9162028		4
		9162122		9162038		29
		9162122		9162043		6
		9162122		9162044		3
		9162122		9162045		2
		9162122		9162046		1
		9162122		9162047		2
		9162122		9162048		2
		9162122		9162058		2
		9162122		9162059		1
		9162122		9162060		0
		9162122		9162061		2
		9162122		9162062		1
		9162122		9162063		0
		9162122		9162064		14
		9162122		9162065		6
		9162122		9162066		9
		9162122		9162067		7
		9162122		9162068		17
		9162122		9162069		2
		9162122		9162070		9
		9162122		9162071		6
		9162122		9162072		4
		9162122		9162074		2
		9162122		9162075		7
		9162122		9162078		7
		9162122		9162084		6
		9162122		9162085		5
		9162122		9162087		1
		9162122		9162090		1
		9162122		9162091		1
		9162122		9162092		3
		9162122		9162094		2
		9162122		9162095		1
		9162122		9162099		1
		9162122		9162101		5
		9162122		9162104		5
		9162122		9162105		2
		9162122		9162108		1
		9162122		9162109		1
		9162122		9162110		1
		9162122		9162111		4
		9162122		9162112		2
		9162122		9162113		4
		9162122		9162122		24
		9162122		9162123		27
		9162122		9162124		13
		9162122		9162125		14
		9162122		9162126		23
		9162122		9162127		5
		9162122		9162129		4
		9162122		9162132		1
		9162122		9162133		1
		9162122		9162140		2
		9162122		9162159		2
		9162122		9162160		9
		9162122		9162161		3
		9162122		9162162		15
		9162122		9162163		1
		9162123		9162000		2
		9162123		9162025		4
		9162123		9162028		5
		9162123		9162038		49
		9162123		9162043		13
		9162123		9162044		6
		9162123		9162045		2
		9162123		9162046		1
		9162123		9162047		2
		9162123		9162048		3
		9162123		9162058		2
		9162123		9162059		1
		9162123		9162060		1
		9162123		9162061		3
		9162123		9162062		1
		9162123		9162063		1
		9162123		9162064		17
		9162123		9162065		8
		9162123		9162066		14
		9162123		9162067		15
		9162123		9162068		26
		9162123		9162069		3
		9162123		9162070		9
		9162123		9162071		21
		9162123		9162072		16
		9162123		9162074		2
		9162123		9162075		7
		9162123		9162078		23
		9162123		9162084		9
		9162123		9162085		9
		9162123		9162087		2
		9162123		9162090		3
		9162123		9162091		1
		9162123		9162092		4
		9162123		9162094		2
		9162123		9162095		1
		9162123		9162099		2
		9162123		9162101		8
		9162123		9162104		16
		9162123		9162105		5
		9162123		9162108		0
		9162123		9162109		1
		9162123		9162110		1
		9162123		9162111		5
		9162123		9162112		3
		9162123		9162113		4
		9162123		9162122		13
		9162123		9162123		58
		9162123		9162124		9
		9162123		9162125		5
		9162123		9162126		44
		9162123		9162127		6
		9162123		9162129		20
		9162123		9162132		1
		9162123		9162133		2
		9162123		9162140		2
		9162123		9162159		2
		9162123		9162160		13
		9162123		9162161		3
		9162123		9162162		35
		9162123		9162163		2
		9162124		9162000		1
		9162124		9162025		5
		9162124		9162028		5
		9162124		9162038		26
		9162124		9162043		6
		9162124		9162044		3
		9162124		9162045		1
		9162124		9162046		1
		9162124		9162047		1
		9162124		9162048		2
		9162124		9162058		1
		9162124		9162059		0
		9162124		9162060		1
		9162124		9162061		2
		9162124		9162062		1
		9162124		9162063		1
		9162124		9162064		10
		9162124		9162065		4
		9162124		9162066		6
		9162124		9162067		6
		9162124		9162068		13
		9162124		9162069		2
		9162124		9162070		9
		9162124		9162071		5
		9162124		9162072		5
		9162124		9162074		2
		9162124		9162075		5
		9162124		9162078		6
		9162124		9162084		5
		9162124		9162085		7
		9162124		9162087		0
		9162124		9162090		2
		9162124		9162091		1
		9162124		9162092		2
		9162124		9162094		1
		9162124		9162095		1
		9162124		9162099		0
		9162124		9162101		4
		9162124		9162104		5
		9162124		9162105		3
		9162124		9162108		1
		9162124		9162109		1
		9162124		9162110		0
		9162124		9162111		4
		9162124		9162112		2
		9162124		9162113		2
		9162124		9162122		15
		9162124		9162123		23
		9162124		9162124		0
		9162124		9162125		7
		9162124		9162126		24
		9162124		9162127		6
		9162124		9162129		6
		9162124		9162132		1
		9162124		9162133		1
		9162124		9162140		2
		9162124		9162159		1
		9162124		9162160		8
		9162124		9162161		2
		9162124		9162162		13
		9162124		9162163		1
		9162125		9162000		2
		9162125		9162025		6
		9162125		9162028		7
		9162125		9162038		24
		9162125		9162043		5
		9162125		9162044		2
		9162125		9162045		1
		9162125		9162046		1
		9162125		9162047		2
		9162125		9162048		2
		9162125		9162058		1
		9162125		9162059		1
		9162125		9162060		0
		9162125		9162061		1
		9162125		9162062		1
		9162125		9162063		0
		9162125		9162064		9
		9162125		9162065		4
		9162125		9162066		6
		9162125		9162067		5
		9162125		9162068		9
		9162125		9162069		3
		9162125		9162070		12
		9162125		9162071		4
		9162125		9162072		4
		9162125		9162074		2
		9162125		9162075		5
		9162125		9162078		6
		9162125		9162084		7
		9162125		9162085		4
		9162125		9162087		1
		9162125		9162090		1
		9162125		9162091		1
		9162125		9162092		4
		9162125		9162094		2
		9162125		9162095		0
		9162125		9162099		1
		9162125		9162101		4
		9162125		9162104		4
		9162125		9162105		2
		9162125		9162108		1
		9162125		9162109		1
		9162125		9162110		1
		9162125		9162111		6
		9162125		9162112		1
		9162125		9162113		2
		9162125		9162122		16
		9162125		9162123		14
		9162125		9162124		7
		9162125		9162125		14
		9162125		9162126		31
		9162125		9162127		13
		9162125		9162129		4
		9162125		9162132		0
		9162125		9162133		1
		9162125		9162140		2
		9162125		9162159		1
		9162125		9162160		8
		9162125		9162161		2
		9162125		9162162		8
		9162125		9162163		1
		9162126		9162000		5
		9162126		9162025		12
		9162126		9162028		13
		9162126		9162038		62
		9162126		9162043		15
		9162126		9162044		8
		9162126		9162045		4
		9162126		9162046		1
		9162126		9162047		3
		9162126		9162048		4
		9162126		9162058		2
		9162126		9162059		1
		9162126		9162060		1
		9162126		9162061		3
		9162126		9162062		1
		9162126		9162063		0
		9162126		9162064		21
		9162126		9162065		9
		9162126		9162066		14
		9162126		9162067		17
		9162126		9162068		14
		9162126		9162069		7
		9162126		9162070		18
		9162126		9162071		11
		9162126		9162072		18
		9162126		9162074		3
		9162126		9162075		9
		9162126		9162078		22
		9162126		9162084		26
		9162126		9162085		20
		9162126		9162087		2
		9162126		9162090		4
		9162126		9162091		2
		9162126		9162092		9
		9162126		9162094		3
		9162126		9162095		2
		9162126		9162099		1
		9162126		9162101		7
		9162126		9162104		15
		9162126		9162105		8
		9162126		9162108		1
		9162126		9162109		1
		9162126		9162110		2
		9162126		9162111		11
		9162126		9162112		3
		9162126		9162113		4
		9162126		9162122		14
		9162126		9162123		60
		9162126		9162124		13
		9162126		9162125		18
		9162126		9162126		53
		9162126		9162127		16
		9162126		9162129		24
		9162126		9162132		2
		9162126		9162133		2
		9162126		9162140		4
		9162126		9162159		3
		9162126		9162160		17
		9162126		9162161		4
		9162126		9162162		23
		9162126		9162163		2
		9162127		9162000		2
		9162127		9162025		5
		9162127		9162028		11
		9162127		9162038		24
		9162127		9162043		5
		9162127		9162044		3
		9162127		9162045		2
		9162127		9162046		1
		9162127		9162047		1
		9162127		9162048		2
		9162127		9162058		1
		9162127		9162059		0
		9162127		9162060		0
		9162127		9162061		2
		9162127		9162062		1
		9162127		9162063		1
		9162127		9162064		9
		9162127		9162065		4
		9162127		9162066		6
		9162127		9162067		5
		9162127		9162068		8
		9162127		9162069		3
		9162127		9162070		11
		9162127		9162071		4
		9162127		9162072		3
		9162127		9162074		1
		9162127		9162075		5
		9162127		9162078		5
		9162127		9162084		5
		9162127		9162085		3
		9162127		9162087		1
		9162127		9162090		1
		9162127		9162091		1
		9162127		9162092		8
		9162127		9162094		2
		9162127		9162095		1
		9162127		9162099		1
		9162127		9162101		3
		9162127		9162104		4
		9162127		9162105		1
		9162127		9162108		0
		9162127		9162109		1
		9162127		9162110		1
		9162127		9162111		3
		9162127		9162112		2
		9162127		9162113		2
		9162127		9162122		6
		9162127		9162123		13
		9162127		9162124		6
		9162127		9162125		13
		9162127		9162126		27
		9162127		9162127		16
		9162127		9162129		4
		9162127		9162132		1
		9162127		9162133		1
		9162127		9162140		3
		9162127		9162159		1
		9162127		9162160		9
		9162127		9162161		3
		9162127		9162162		6
		9162127		9162163		1
		9162129		9162000		2
		9162129		9162025		3
		9162129		9162028		4
		9162129		9162038		58
		9162129		9162043		19
		9162129		9162044		12
		9162129		9162045		3
		9162129		9162046		2
		9162129		9162047		3
		9162129		9162048		4
		9162129		9162058		2
		9162129		9162059		1
		9162129		9162060		0
		9162129		9162061		2
		9162129		9162062		2
		9162129		9162063		1
		9162129		9162064		19
		9162129		9162065		9
		9162129		9162066		14
		9162129		9162067		22
		9162129		9162068		14
		9162129		9162069		2
		9162129		9162070		6
		9162129		9162071		11
		9162129		9162072		15
		9162129		9162074		3
		9162129		9162075		10
		9162129		9162078		26
		9162129		9162084		8
		9162129		9162085		7
		9162129		9162087		2
		9162129		9162090		3
		9162129		9162091		2
		9162129		9162092		3
		9162129		9162094		3
		9162129		9162095		2
		9162129		9162099		1
		9162129		9162101		6
		9162129		9162104		23
		9162129		9162105		3
		9162129		9162108		0
		9162129		9162109		1
		9162129		9162110		1
		9162129		9162111		4
		9162129		9162112		3
		9162129		9162113		4
		9162129		9162122		4
		9162129		9162123		41
		9162129		9162124		5
		9162129		9162125		3
		9162129		9162126		35
		9162129		9162127		3
		9162129		9162129		0
		9162129		9162132		1
		9162129		9162133		2
		9162129		9162140		3
		9162129		9162159		2
		9162129		9162160		16
		9162129		9162161		3
		9162129		9162162		33
		9162129		9162163		2
		9162132		9162000		0
		9162132		9162025		1
		9162132		9162028		1
		9162132		9162038		17
		9162132		9162043		4
		9162132		9162044		8
		9162132		9162045		8
		9162132		9162046		6
		9162132		9162047		5
		9162132		9162048		5
		9162132		9162058		1
		9162132		9162059		0
		9162132		9162060		0
		9162132		9162061		2
		9162132		9162062		0
		9162132		9162063		1
		9162132		9162064		9
		9162132		9162065		3
		9162132		9162066		3
		9162132		9162067		3
		9162132		9162068		2
		9162132		9162069		1
		9162132		9162070		0
		9162132		9162071		1
		9162132		9162072		1
		9162132		9162074		2
		9162132		9162075		7
		9162132		9162078		2
		9162132		9162084		2
		9162132		9162085		1
		9162132		9162087		0
		9162132		9162090		2
		9162132		9162091		3
		9162132		9162092		0
		9162132		9162094		1
		9162132		9162095		0
		9162132		9162099		3
		9162132		9162101		1
		9162132		9162104		2
		9162132		9162105		1
		9162132		9162108		4
		9162132		9162109		7
		9162132		9162110		4
		9162132		9162111		1
		9162132		9162112		1
		9162132		9162113		1
		9162132		9162122		1
		9162132		9162123		2
		9162132		9162124		0
		9162132		9162125		0
		9162132		9162126		2
		9162132		9162127		0
		9162132		9162129		1
		9162132		9162132		0
		9162132		9162133		8
		9162132		9162140		7
		9162132		9162159		2
		9162132		9162160		18
		9162132		9162161		10
		9162132		9162162		1
		9162132		9162163		1
		9162133		9162000		1
		9162133		9162025		1
		9162133		9162028		1
		9162133		9162038		21
		9162133		9162043		5
		9162133		9162044		11
		9162133		9162045		13
		9162133		9162046		7
		9162133		9162047		5
		9162133		9162048		5
		9162133		9162058		1
		9162133		9162059		1
		9162133		9162060		0
		9162133		9162061		1
		9162133		9162062		1
		9162133		9162063		1
		9162133		9162064		11
		9162133		9162065		3
		9162133		9162066		4
		9162133		9162067		3
		9162133		9162068		1
		9162133		9162069		1
		9162133		9162070		1
		9162133		9162071		1
		9162133		9162072		1
		9162133		9162074		1
		9162133		9162075		8
		9162133		9162078		3
		9162133		9162084		2
		9162133		9162085		1
		9162133		9162087		1
		9162133		9162090		3
		9162133		9162091		6
		9162133		9162092		1
		9162133		9162094		1
		9162133		9162095		0
		9162133		9162099		6
		9162133		9162101		1
		9162133		9162104		3
		9162133		9162105		1
		9162133		9162108		5
		9162133		9162109		10
		9162133		9162110		9
		9162133		9162111		2
		9162133		9162112		1
		9162133		9162113		2
		9162133		9162122		0
		9162133		9162123		3
		9162133		9162124		0
		9162133		9162125		0
		9162133		9162126		4
		9162133		9162127		0
		9162133		9162129		1
		9162133		9162132		8
		9162133		9162133		0
		9162133		9162140		8
		9162133		9162159		6
		9162133		9162160		19
		9162133		9162161		12
		9162133		9162162		2
		9162133		9162163		1
		9162140		9162000		0
		9162140		9162025		1
		9162140		9162028		1
		9162140		9162038		32
		9162140		9162043		4
		9162140		9162044		5
		9162140		9162045		6
		9162140		9162046		11
		9162140		9162047		20
		9162140		9162048		14
		9162140		9162058		3
		9162140		9162059		3
		9162140		9162060		1
		9162140		9162061		4
		9162140		9162062		2
		9162140		9162063		1
		9162140		9162064		20
		9162140		9162065		5
		9162140		9162066		5
		9162140		9162067		3
		9162140		9162068		2
		9162140		9162069		1
		9162140		9162070		1
		9162140		9162071		1
		9162140		9162072		1
		9162140		9162074		5
		9162140		9162075		19
		9162140		9162078		3
		9162140		9162084		2
		9162140		9162085		1
		9162140		9162087		2
		9162140		9162090		2
		9162140		9162091		14
		9162140		9162092		1
		9162140		9162094		3
		9162140		9162095		2
		9162140		9162099		29
		9162140		9162101		2
		9162140		9162104		2
		9162140		9162105		1
		9162140		9162108		13
		9162140		9162109		10
		9162140		9162110		6
		9162140		9162111		1
		9162140		9162112		1
		9162140		9162113		3
		9162140		9162122		1
		9162140		9162123		3
		9162140		9162124		0
		9162140		9162125		1
		9162140		9162126		4
		9162140		9162127		1
		9162140		9162129		1
		9162140		9162132		6
		9162140		9162133		7
		9162140		9162140		47
		9162140		9162159		6
		9162140		9162160		33
		9162140		9162161		9
		9162140		9162162		2
		9162140		9162163		3
		9162159		9162000		0
		9162159		9162025		2
		9162159		9162028		0
		9162159		9162038		19
		9162159		9162043		4
		9162159		9162044		4
		9162159		9162045		4
		9162159		9162046		3
		9162159		9162047		4
		9162159		9162048		3
		9162159		9162058		2
		9162159		9162059		1
		9162159		9162060		0
		9162159		9162061		1
		9162159		9162062		1
		9162159		9162063		1
		9162159		9162064		9
		9162159		9162065		3
		9162159		9162066		4
		9162159		9162067		2
		9162159		9162068		2
		9162159		9162069		1
		9162159		9162070		1
		9162159		9162071		1
		9162159		9162072		1
		9162159		9162074		1
		9162159		9162075		7
		9162159		9162078		2
		9162159		9162084		2
		9162159		9162085		1
		9162159		9162087		1
		9162159		9162090		1
		9162159		9162091		9
		9162159		9162092		1
		9162159		9162094		0
		9162159		9162095		1
		9162159		9162099		7
		9162159		9162101		2
		9162159		9162104		2
		9162159		9162105		1
		9162159		9162108		5
		9162159		9162109		6
		9162159		9162110		8
		9162159		9162111		2
		9162159		9162112		1
		9162159		9162113		2
		9162159		9162122		1
		9162159		9162123		4
		9162159		9162124		0
		9162159		9162125		1
		9162159		9162126		3
		9162159		9162127		0
		9162159		9162129		1
		9162159		9162132		3
		9162159		9162133		5
		9162159		9162140		8
		9162159		9162159		0
		9162159		9162160		14
		9162159		9162161		4
		9162159		9162162		1
		9162159		9162163		1
		9162160		9162000		1
		9162160		9162025		3
		9162160		9162028		2
		9162160		9162038		124
		9162160		9162043		24
		9162160		9162044		28
		9162160		9162045		23
		9162160		9162046		26
		9162160		9162047		39
		9162160		9162048		54
		9162160		9162058		14
		9162160		9162059		8
		9162160		9162060		6
		9162160		9162061		24
		9162160		9162062		12
		9162160		9162063		6
		9162160		9162064		171
		9162160		9162065		41
		9162160		9162066		28
		9162160		9162067		19
		9162160		9162068		9
		9162160		9162069		2
		9162160		9162070		3
		9162160		9162071		7
		9162160		9162072		4
		9162160		9162074		24
		9162160		9162075		117
		9162160		9162078		11
		9162160		9162084		5
		9162160		9162085		5
		9162160		9162087		14
		9162160		9162090		6
		9162160		9162091		9
		9162160		9162092		2
		9162160		9162094		10
		9162160		9162095		5
		9162160		9162099		10
		9162160		9162101		11
		9162160		9162104		11
		9162160		9162105		4
		9162160		9162108		12
		9162160		9162109		17
		9162160		9162110		9
		9162160		9162111		2
		9162160		9162112		6
		9162160		9162113		10
		9162160		9162122		2
		9162160		9162123		14
		9162160		9162124		1
		9162160		9162125		2
		9162160		9162126		10
		9162160		9162127		1
		9162160		9162129		5
		9162160		9162132		14
		9162160		9162133		12
		9162160		9162140		26
		9162160		9162159		8
		9162160		9162160		242
		9162160		9162161		47
		9162160		9162162		8
		9162160		9162163		14
		9162161		9162000		0
		9162161		9162025		1
		9162161		9162028		1
		9162161		9162038		65
		9162161		9162043		8
		9162161		9162044		29
		9162161		9162045		16
		9162161		9162046		7
		9162161		9162047		7
		9162161		9162048		10
		9162161		9162058		3
		9162161		9162059		2
		9162161		9162060		1
		9162161		9162061		4
		9162161		9162062		2
		9162161		9162063		1
		9162161		9162064		31
		9162161		9162065		9
		9162161		9162066		10
		9162161		9162067		7
		9162161		9162068		4
		9162161		9162069		1
		9162161		9162070		1
		9162161		9162071		3
		9162161		9162072		2
		9162161		9162074		4
		9162161		9162075		20
		9162161		9162078		5
		9162161		9162084		3
		9162161		9162085		2
		9162161		9162087		3
		9162161		9162090		6
		9162161		9162091		4
		9162161		9162092		1
		9162161		9162094		3
		9162161		9162095		1
		9162161		9162099		4
		9162161		9162101		3
		9162161		9162104		5
		9162161		9162105		2
		9162161		9162108		5
		9162161		9162109		8
		9162161		9162110		6
		9162161		9162111		1
		9162161		9162112		2
		9162161		9162113		3
		9162161		9162122		1
		9162161		9162123		6
		9162161		9162124		1
		9162161		9162125		0
		9162161		9162126		5
		9162161		9162127		1
		9162161		9162129		2
		9162161		9162132		11
		9162161		9162133		12
		9162161		9162140		10
		9162161		9162159		4
		9162161		9162160		61
		9162161		9162161		0
		9162161		9162162		3
		9162161		9162163		3
		9162162		9162000		1
		9162162		9162025		3
		9162162		9162028		3
		9162162		9162038		59
		9162162		9162043		14
		9162162		9162044		8
		9162162		9162045		3
		9162162		9162046		1
		9162162		9162047		3
		9162162		9162048		3
		9162162		9162058		2
		9162162		9162059		1
		9162162		9162060		1
		9162162		9162061		3
		9162162		9162062		2
		9162162		9162063		1
		9162162		9162064		22
		9162162		9162065		10
		9162162		9162066		20
		9162162		9162067		20
		9162162		9162068		33
		9162162		9162069		2
		9162162		9162070		4
		9162162		9162071		26
		9162162		9162072		10
		9162162		9162074		3
		9162162		9162075		10
		9162162		9162078		14
		9162162		9162084		5
		9162162		9162085		5
		9162162		9162087		2
		9162162		9162090		2
		9162162		9162091		1
		9162162		9162092		2
		9162162		9162094		3
		9162162		9162095		2
		9162162		9162099		1
		9162162		9162101		9
		9162162		9162104		12
		9162162		9162105		3
		9162162		9162108		1
		9162162		9162109		1
		9162162		9162110		1
		9162162		9162111		3
		9162162		9162112		4
		9162162		9162113		5
		9162162		9162122		10
		9162162		9162123		55
		9162162		9162124		8
		9162162		9162125		5
		9162162		9162126		26
		9162162		9162127		4
		9162162		9162129		26
		9162162		9162132		1
		9162162		9162133		1
		9162162		9162140		3
		9162162		9162159		1
		9162162		9162160		16
		9162162		9162161		4
		9162162		9162162		41
		9162162		9162163		2
		9162163		9162000		0
		9162163		9162025		0
		9162163		9162028		0
		9162163		9162038		22
		9162163		9162043		4
		9162163		9162044		3
		9162163		9162045		1
		9162163		9162046		1
		9162163		9162047		4
		9162163		9162048		6
		9162163		9162058		17
		9162163		9162059		10
		9162163		9162060		10
		9162163		9162061		10
		9162163		9162062		15
		9162163		9162063		9
		9162163		9162064		31
		9162163		9162065		14
		9162163		9162066		11
		9162163		9162067		5
		9162163		9162068		3
		9162163		9162069		0
		9162163		9162070		1
		9162163		9162071		2
		9162163		9162072		0
		9162163		9162074		8
		9162163		9162075		19
		9162163		9162078		2
		9162163		9162084		1
		9162163		9162085		0
		9162163		9162087		14
		9162163		9162090		0
		9162163		9162091		1
		9162163		9162092		0
		9162163		9162094		11
		9162163		9162095		7
		9162163		9162099		1
		9162163		9162101		7
		9162163		9162104		1
		9162163		9162105		0
		9162163		9162108		1
		9162163		9162109		1
		9162163		9162110		1
		9162163		9162111		1
		9162163		9162112		5
		9162163		9162113		11
		9162163		9162122		1
		9162163		9162123		4
		9162163		9162124		0
		9162163		9162125		0
		9162163		9162126		2
		9162163		9162127		0
		9162163		9162129		1
		9162163		9162132		1
		9162163		9162133		0
		9162163		9162140		3
		9162163		9162159		0
		9162163		9162160		21
		9162163		9162161		3
		9162163		9162162		2
		9162163		9162163		0
